-120,-120,-122,-123,-123,-124,-124,-125,-127,-127,-127,
-127,-127,-127,-127,-127,-128,-87,1,0,-13,1,
14,35,64,6,-124,-124,-124,-124,-123,-123,-123,
-123,-123,-123,-123,-123,-123,-123,-123,-123,-123,-123,
-123,-123,-123,-123,-124,-124,-124,-124,-124,-124,-124,
-124,-125,-125,-125,-125,-125,-125,-125,-125,-118,-118,
-121,-122,-123,-124,-124,-125,-126,-127,-127,-127,-127,
-127,-127,-126,-124,-38,14,-13,23,2,29,50,
66,10,-74,-128,-124,-124,-123,-123,-123,-123,-123,
-123,-123,-123,-123,-123,-123,-123,-123,-123,-123,-123,
-123,-124,-124,-124,-124,-124,-124,-124,-124,-124,-125,
-125,-125,-125,-125,-125,-125,-125,-118,-118,-120,-122,
-123,-124,-125,-126,-126,-127,-127,-127,-127,-127,-127,
-111,-103,24,-29,-16,5,5,9,42,51,23,
62,-120,-124,-124,-123,-123,-123,-123,-123,-123,-123,
-123,-123,-123,-123,-123,-123,-123,-123,-123,-123,-123,
-124,-124,-124,-124,-124,-124,-124,-124,-124,-125,-125,
-125,-125,-125,-125,-125,-118,-118,-121,-122,-120,-125,
-125,-126,-126,-127,-127,-127,-127,-127,-127,-121,-77,
3,-19,2,4,13,24,60,27,73,0,-89,
-123,-124,-123,-123,-123,-123,-123,-123,-123,-123,-123,
-123,-123,-123,-123,-123,-123,-123,-123,-123,-124,-124,
-124,-124,-124,-124,-124,-124,-124,-125,-125,-125,-125,
-125,-125,-125,-118,-118,-120,-122,-123,-123,-123,-125,
-126,-126,-127,-127,-127,-127,-127,-115,43,26,0,
34,14,20,41,34,39,46,63,46,-124,-120,
-123,-123,-123,-123,-123,-123,-123,-123,-123,-123,-123,
-123,-123,-123,-123,-123,-123,-124,-124,-124,-124,-124,
-124,-124,-124,-124,-124,-125,-125,-125,-125,-125,-125,
-125,-118,-118,-121,-122,-123,-123,-124,-117,-126,-126,
-126,-127,-127,-126,-125,-106,42,20,18,-8,38,
85,29,41,59,71,27,44,-114,-121,-123,-123,
-123,-123,-123,-123,-123,-123,-123,-123,-123,-123,-123,
-123,-123,-123,-123,-123,-124,-124,-124,-124,-124,-124,
-124,-124,-124,-125,-125,-125,-125,-125,-125,-125,-118,
-118,-119,-120,-123,-123,-124,-125,-83,-126,-126,-126,
-126,-127,-121,2,39,23,27,72,46,74,32,
34,12,26,51,33,-62,-127,-122,-124,-121,-121,
-123,-123,-123,-123,-123,-123,-123,-123,-123,-123,-123,
-123,-123,-123,-124,-124,-124,-124,-124,-124,-124,-124,
-123,-126,-121,-121,-126,-126,-125,-125,-118,-119,-119,
-120,-122,-123,-123,-124,-124,-26,-128,-126,-121,-103,
-75,33,62,35,46,46,53,48,74,88,93,
48,36,56,58,-110,-124,-122,-121,-121,-123,-123,
-123,-123,-123,-124,-124,-123,-123,-123,-123,-123,-123,
-123,-123,-124,-124,-124,-124,-124,-124,-125,-121,-116,
-119,-122,-118,-121,-125,-125,-118,-118,-119,-119,-120,
-121,-123,-124,-124,-125,-70,-125,-125,-126,-121,60,
36,43,-18,4,64,71,-24,-16,51,5,50,
39,36,-47,-120,-124,-117,-121,-123,-123,-123,-124,
-124,-124,-124,-124,-124,-123,-123,-123,-123,-123,-124,
-124,-124,-124,-122,-126,-116,-91,15,39,48,64,
-59,-103,-126,-126,-118,-118,-119,-119,-119,-120,-123,
-123,-124,-124,-126,-116,-127,-126,-81,82,62,59,
34,63,73,15,61,61,66,59,54,53,68,
28,-91,-100,-114,-117,-123,-123,-124,-124,-124,-124,
-124,-124,-123,-124,-123,-123,-123,-123,-123,-124,-124,
-124,-111,-20,10,19,-19,-16,-9,-13,0,-66,
-120,-125,-119,-119,-119,-119,-119,-120,-120,-121,-123,
-124,-124,-122,-117,-115,-112,77,63,41,18,49,
23,72,53,73,46,48,64,48,54,62,24,
-60,-107,-117,-123,-123,-125,-125,-124,-124,-124,-124,
-124,-124,-123,-123,-123,-123,-124,-125,-125,-90,4,
-6,18,6,33,23,12,10,9,-28,-121,-127,
-119,-119,-119,-119,-119,-119,-120,-120,-123,-123,-123,
-124,-124,-119,-80,65,71,38,54,16,4,22,
54,6,51,66,65,42,37,51,28,23,-59,
-80,-89,-107,-120,-121,-125,-124,-124,-124,-124,-119,
-123,-123,-123,-122,-122,-117,-97,39,24,27,34,
33,25,24,53,39,-15,16,-123,-127,-119,-119,
-118,-118,-118,-118,-118,-119,-120,-121,-121,-121,-120,
-119,5,51,54,63,23,36,29,19,43,67,
31,53,48,32,32,56,-5,13,18,8,27,
20,-3,-17,-21,-42,-105,-115,-114,-91,-125,-124,
-119,-114,-113,-30,22,29,30,38,24,29,14,
12,26,-14,-11,14,-106,-125,-119,-119,-118,-118,
-109,-118,-120,-115,-122,-120,-120,-119,-121,-94,28,
45,42,48,18,-21,-14,-44,12,-7,18,55,
-1,38,46,33,-4,13,28,36,36,26,9,
24,18,38,60,19,-70,-100,-96,-95,-32,-44,
14,6,43,36,74,29,63,49,30,52,29,
11,-10,14,-114,-126,-119,-119,-119,-116,-115,-111,
-112,-113,-121,-64,-75,-107,-100,-81,54,72,27,
31,60,-16,39,54,53,13,72,32,21,20,
36,11,-15,3,27,44,46,51,35,41,28,
54,66,46,30,-25,-19,-14,12,37,37,22,
30,65,53,34,33,61,30,27,41,60,-3,
28,-120,-125,-119,-119,-115,-112,-104,-81,-85,-91,
-92,-86,-81,-61,-53,-22,-4,61,53,26,79,
79,4,-21,29,52,28,30,29,29,20,15,
-5,13,45,42,31,39,35,61,37,53,58,
26,26,2,13,-14,65,31,40,39,38,44,
54,29,43,83,58,57,10,6,-9,37,-123,
-125,-109,-95,-74,-70,-67,-62,-15,-9,-22,-40,
-26,-36,-22,-36,-25,19,50,40,44,89,81,
25,-10,15,55,35,43,36,33,22,24,42,
64,60,70,23,27,28,58,20,6,-7,14,
14,-11,56,61,33,46,55,58,45,63,67,
20,54,3,41,18,47,41,21,-124,-125,-51,
-33,10,18,16,28,5,23,28,5,-13,-24,
-43,-55,-34,55,28,44,44,42,87,77,42,
45,42,53,59,47,15,16,60,42,45,50,
69,44,14,23,58,19,27,27,15,0,36,
65,48,38,43,47,73,85,69,36,5,-1,
14,41,16,-2,2,-83,-123,-120,22,42,58,
63,59,45,31,27,-3,-10,-22,0,9,-10,
9,47,42,32,46,48,38,58,47,40,43,
26,69,29,25,12,23,37,60,42,49,36,
53,9,24,60,34,43,20,5,15,43,54,
42,38,47,52,29,47,66,65,53,20,48,
34,63,16,-111,-124,-126,61,64,64,42,12,
11,-15,-40,-21,26,35,69,65,57,31,38,
50,29,46,36,45,31,33,41,39,85,26,
29,39,16,50,58,26,39,36,45,25,24,
54,21,2,42,32,36,9,62,52,35,43,
37,28,39,47,40,3,38,50,47,33,32,
46,-122,-125,-125,73,78,76,82,56,-25,-46,
-33,-16,11,63,73,73,98,47,41,45,40,
60,60,45,45,72,42,59,29,43,58,40,
19,69,52,18,50,41,50,66,-14,36,48,
38,39,41,38,22,46,57,41,29,48,58,
38,60,68,25,43,37,33,3,33,-100,-125,
-125,-125,74,78,79,80,72,59,0,-27,2,
31,41,42,66,69,67,62,67,77,91,31,
63,40,45,66,14,42,59,16,35,37,40,
27,71,68,48,41,17,30,27,8,29,73,
0,40,48,61,63,37,68,43,64,37,43,
50,73,54,29,12,26,61,-124,-126,-125,-125,
78,75,77,76,82,67,7,-31,2,33,38,
39,68,54,81,56,60,73,78,42,58,56,
46,54,61,54,57,25,20,33,23,26,77,
63,53,27,55,41,83,22,24,40,2,30,
66,51,62,61,67,69,70,32,36,57,81,
70,54,39,58,-7,-123,-125,-125,-125,96,94,
93,85,63,32,-24,-2,4,25,32,46,39,
52,65,74,76,54,74,52,30,72,58,60,
69,50,108,45,51,60,64,68,76,75,80,
24,16,79,87,53,29,78,47,40,71,43,
52,25,70,66,46,68,69,39,55,86,74,
72,46,-115,-125,-125,-126,-125,83,85,84,84,
57,18,-6,-6,-7,3,26,18,14,61,50,
56,74,32,78,50,50,46,45,64,53,64,
96,66,92,62,71,26,98,45,33,48,42,
58,70,25,45,51,63,64,66,62,79,57,
61,82,83,78,59,67,56,65,94,50,47,
-124,-125,-125,-126,-126,91,80,66,58,41,23,
8,20,1,14,11,16,32,40,56,50,67,
89,89,69,36,59,50,77,115,91,43,26,
65,74,53,27,80,77,65,63,77,67,42,
67,77,23,34,23,72,49,94,65,66,73,
85,50,79,48,46,62,71,49,-97,-118,-124,
-126,-126,-126,88,82,65,57,35,17,-18,-30,
-19,-13,-3,-6,23,41,36,54,66,83,71,
102,81,38,48,43,81,71,45,48,66,75,
71,42,87,88,22,28,91,45,48,85,87,
30,95,95,27,72,86,69,60,62,75,73,
63,51,56,88,86,58,-108,-126,-125,-125,-126,
-126,90,85,76,74,64,38,15,-14,-23,1,
-9,-11,5,0,12,18,34,76,77,78,61,
82,82,33,65,69,24,42,74,65,45,21,
57,72,35,46,66,95,72,83,71,53,67,
80,73,75,82,64,79,61,68,61,82,75,
77,75,69,-18,-117,-126,-125,-125,-125,-125,85,
81,69,59,49,47,26,3,6,1,-4,-25,
-44,-38,-17,13,26,2,-8,16,26,97,34,
86,53,70,43,56,67,73,84,73,85,63,
60,42,10,74,99,75,53,69,84,84,78,
81,86,63,78,81,78,68,83,55,60,58,
46,13,-93,-126,-125,-125,-125,-125,84,82,72,
70,75,47,47,-5,0,-9,29,-20,-24,-6,
4,54,81,72,56,-17,-97,-82,-64,46,93,
9,2,38,58,59,83,89,65,44,70,57,
28,91,100,88,56,65,81,99,72,95,88,
74,76,81,92,82,63,54,55,45,45,2,
-93,-120,-125,-125,-125,-125,86,82,69,69,67,
60,59,15,-33,-14,7,-42,-2,2,46,41,
77,106,102,44,-55,-68,-70,-77,-44,55,-27,
34,47,59,57,79,104,31,70,60,47,87,
89,86,30,72,85,93,87,52,69,90,80,
90,70,74,73,57,70,60,60,-22,-105,-121,
-124,-125,-125,-125,91,83,80,78,69,60,77,
53,-1,-11,14,2,-3,12,56,39,51,62,
108,74,-5,-49,-65,-112,-69,-55,12,64,48,
8,96,93,91,33,50,83,73,57,86,40,
35,76,84,75,76,83,87,85,77,79,84,
76,72,58,64,67,65,67,-69,-123,-125,-125,
-125,-125,90,81,91,85,87,65,65,59,37,
33,18,19,6,4,4,31,45,61,100,87,
56,0,4,14,-76,-81,26,42,32,21,68,
88,80,89,99,86,53,81,78,63,66,74,
79,82,63,71,91,76,86,78,91,51,77,
74,71,77,77,72,33,-114,-123,-127,-125,-125,
93,88,86,90,82,67,68,45,37,25,27,
0,3,24,-16,30,22,30,62,109,99,62,
1,34,-37,-83,0,54,29,18,73,78,64,
70,86,48,54,71,77,69,76,85,73,84,
64,85,92,93,98,75,74,85,84,82,78,
80,88,76,56,-63,-111,-126,-125,-125,93,96,
96,101,88,65,58,13,-10,5,13,-19,30,
46,8,-3,-26,39,28,97,109,32,39,52,
-38,-74,-5,73,49,44,64,73,71,69,74,
82,91,108,75,38,-51,-35,-20,18,44,89,
92,109,79,111,103,98,89,59,72,88,93,
78,72,7,-103,-124,-124,-125,96,105,98,98,
90,84,70,58,48,-20,12,-31,-25,27,18,
27,-8,58,16,47,64,92,59,63,3,-20,
35,92,1,14,52,82,73,67,77,83,97,
96,-32,-64,-76,-28,-58,-58,-63,23,26,47,
28,79,95,84,80,68,74,63,86,76,58,
20,-93,-124,-124,-124,106,100,105,97,88,89,
89,59,52,23,18,4,-2,-15,32,21,41,
41,33,13,96,95,84,94,65,45,25,97,
32,41,61,84,61,78,71,105,110,53,77,
42,25,22,5,-9,-28,82,104,71,75,41,
60,81,79,78,70,64,51,47,65,-52,-106,
-126,-124,-124,99,106,77,62,37,66,13,6,
76,96,-12,-2,8,11,44,6,24,23,6,
37,42,76,105,76,54,49,59,77,49,52,
65,57,75,79,78,114,108,17,63,39,25,
32,34,16,74,88,97,97,81,88,66,68,
66,78,84,73,68,57,55,-45,-116,-109,-124,
-124,90,93,32,68,91,106,99,92,89,57,
48,-8,11,19,31,57,25,21,25,40,69,
74,90,28,27,76,18,27,41,75,82,61,
77,65,108,105,104,43,33,62,12,17,51,
26,78,99,88,101,68,81,67,33,49,76,
81,76,57,55,46,40,-83,-114,-118,-120,100,
102,116,99,94,82,88,101,88,84,58,22,
28,6,27,38,61,44,18,58,0,61,71,
35,44,48,7,23,38,67,79,84,62,66,
80,77,83,90,73,-16,46,-48,47,96,83,
85,28,68,87,59,81,72,49,83,75,72,
51,40,50,52,-14,-89,-90,-90,108,114,95,
85,95,76,93,104,98,106,102,9,8,32,
29,33,52,49,37,52,52,53,63,7,10,
10,0,19,55,64,81,78,57,48,40,37,
82,84,81,96,69,76,81,57,62,61,70,
56,85,84,88,77,31,42,53,80,59,64,
56,34,35,-58,-76,-77,108,112,98,93,88,
106,78,85,89,115,104,67,-10,2,22,43,
46,52,34,77,51,36,20,5,20,29,-5,
17,32,54,81,75,73,62,65,37,61,91,
88,103,86,68,14,50,38,37,75,78,69,
76,97,102,56,42,35,50,49,46,61,61,
30,-4,-62,-62,107,108,102,99,106,103,88,
88,100,110,107,97,5,-37,14,35,54,61,
46,66,37,1,34,23,23,0,-14,21,45,
92,82,76,63,49,64,79,56,74,89,32,
18,45,18,39,55,26,70,101,83,99,97,
67,35,59,38,50,54,33,54,50,43,36,
-38,-58,108,77,100,98,92,107,104,92,98,
94,109,110,116,-7,-41,6,31,68,61,66,
35,34,81,43,17,13,-14,8,48,73,87,
80,49,38,67,55,66,103,72,15,34,41,
61,88,59,63,82,110,73,66,57,51,53,
52,76,78,71,81,77,54,17,6,-14,-52,
105,90,101,100,87,106,99,108,105,94,115,
115,110,51,30,65,-2,64,57,59,48,60,
57,62,21,36,-1,40,90,85,71,57,52,
59,64,54,83,67,113,44,46,90,82,72,
70,61,45,72,34,33,38,45,69,69,75,
79,82,79,84,77,64,-13,-23,-54,102,94,
101,105,103,109,101,108,115,112,118,116,111,
115,66,-25,0,59,91,104,41,12,56,51,
90,33,60,89,98,84,77,64,48,71,68,
51,87,67,80,101,54,75,65,55,53,65,
70,71,84,71,57,53,59,55,50,65,68,
76,79,72,46,18,-28,-38,97,107,113,107,
104,108,106,108,114,116,119,118,111,105,112,
71,-31,66,75,69,83,87,22,70,81,-15,
71,78,101,93,99,74,50,67,94,90,78,
60,75,101,84,51,89,62,53,50,72,81,
66,44,67,58,66,61,70,64,71,67,59,
64,56,37,-48,-45,104,104,105,106,106,101,
100,102,100,104,113,114,110,116,106,96,45,
72,114,44,24,64,98,83,90,-16,37,86,
105,106,96,92,80,90,100,92,88,78,72,
67,100,70,67,70,70,86,56,64,57,60,
39,60,70,69,67,71,79,76,78,70,61,
0,-53,-57,95,97,101,99,96,86,72,77,
82,89,96,101,107,119,118,87,90,12,86,
65,78,78,36,49,86,20,-9,73,79,92,
74,85,112,103,87,106,90,77,57,81,96,
79,88,74,62,60,54,65,61,51,65,67,
62,75,74,85,77,76,63,64,63,23,-45,
-103,95,93,82,69,63,56,67,80,88,88,
91,93,99,105,108,103,88,73,-6,67,77,
54,72,73,75,97,15,36,46,75,110,113,
119,113,90,101,94,91,118,104,88,95,105,
91,57,29,66,71,78,85,85,77,62,65,
63,78,80,78,63,47,69,46,-50,-88,79,
75,61,52,56,56,71,86,94,94,93,94,
94,97,101,100,93,116,29,85,91,73,60,
63,77,53,85,26,46,92,123,99,112,87,
92,98,95,74,122,101,125,76,50,122,37,
44,57,111,92,90,96,88,66,12,40,42,
80,71,64,18,39,49,20,-82,65,60,51,
45,47,57,70,81,89,94,96,94,94,91,
86,100,106,120,56,21,50,70,75,71,74,
62,80,42,53,65,75,98,97,107,114,91,
99,93,89,85,113,74,78,52,106,84,-7,
117,53,92,93,101,98,95,24,56,53,73,
65,12,-33,25,14,-40,56,51,53,41,39,
64,77,83,88,91,90,93,92,90,87,91,
106,110,78,40,33,69,78,74,60,54,52,
41,38,68,85,80,101,100,88,95,85,98,
92,68,95,82,73,64,90,119,93,27,69,
78,102,101,108,96,29,39,61,69,66,28,
-74,-71,-32,-24,39,36,44,36,33,65,83,
92,97,95,93,92,91,90,87,89,101,104,
99,56,67,46,79,81,79,80,73,68,47,
51,45,59,66,82,77,76,94,85,71,88,
93,90,109,91,49,92,109,54,37,95,105,
98,100,103,77,72,66,55,71,48,-50,-95,
-79,-62,13,16,26,27,35,67,89,98,100,
101,102,102,97,92,89,88,98,110,100,82,
47,43,59,86,84,101,97,89,96,88,77,
74,84,83,94,98,102,111,113,113,100,62,
105,122,44,101,108,111,41,75,98,115,112,
106,80,65,56,60,75,66,5,-82,-114,-76,
-8,8,20,18,34,68,86,97,101,104,103,
106,104,97,93,91,97,110,113,104,96,52,
49,65,91,91,89,96,91,85,85,96,97,
92,91,101,114,115,109,107,88,81,88,111,
46,86,98,113,49,65,99,107,101,97,69,
-2,57,73,47,57,71,-18,-58,-108,-5,20,
28,33,48,70,86,91,98,106,105,105,106,
102,96,92,91,107,112,101,107,101,89,45,
51,68,78,92,93,92,91,92,74,77,107,
115,119,118,104,85,82,86,68,100,41,87,
86,106,43,93,104,106,86,94,62,-6,51,
66,42,39,34,-13,-98,-97,-1,24,37,49,
69,83,84,80,91,99,103,104,103,101,96,
92,91,104,111,114,103,108,101,91,57,50,
59,70,80,88,84,79,75,93,109,105,117,
107,111,90,94,51,73,97,67,93,84,106,
70,73,98,93,86,77,69,12,62,76,27,
17,20,6,-52,-26,-2,3,27,54,75,82,
77,78,81,90,95,95,96,97,95,90,87,
101,110,110,110,104,98,103,95,80,76,73,
90,94,80,92,106,92,113,114,117,111,115,
112,107,83,48,98,82,102,94,96,90,82,
88,73,83,45,58,43,50,68,28,-45,-29,
18,-49,-101,-4,-10,6,42,69,79,73,72,
78,87,92,92,95,99,97,89,84,107,61,
103,105,107,112,107,104,104,93,90,102,102,
105,98,114,97,116,119,118,110,112,105,105,
99,85,98,105,89,100,89,80,85,83,70,
28,37,54,73,59,32,6,-19,-35,3,-78,
-84,-9,-14,5,37,76,87,70,54,57,73,
90,94,98,99,95,85,79,107,43,71,54,
88,99,106,96,104,102,100,109,112,112,116,
110,115,112,119,116,108,116,110,110,108,110,
98,104,90,99,76,87,85,73,5,52,43,
34,44,45,43,6,26,38,-28,-92,-100,-9,
-2,19,44,79,91,75,51,40,54,74,88,
96,96,91,89,86,94,83,34,51,84,76,
99,86,83,106,99,99,111,105,110,114,113,
111,110,114,110,115,113,111,114,93,110,104,
81,97,86,89,62,11,51,63,47,72,-1,
-17,-4,52,40,1,-36,-60,-68,-9,-1,18,
46,69,81,77,63,56,58,54,70,81,88,
84,79,91,75,74,34,42,78,77,63,79,
65,79,72,107,96,95,104,109,102,106,109,
107,110,108,111,107,103,108,103,101,109,100,
104,95,95,73,49,56,58,28,11,24,49,
-3,-21,-29,-35,-40,-40,-16,-7,9,35,51,
68,73,75,73,73,60,53,63,70,68,72,
95,99,92,69,43,64,75,73,79,63,37,
58,74,80,62,85,64,100,98,104,103,104,
102,103,109,107,105,100,103,101,94,97,95,
87,76,60,65,58,54,40,17,35,39,31,
13,-4,-28,-31,-124,-124,-123,-124,-125,-126,-126,
-127,-127,-127,-127,-127,-127,-127,-127,-127,-126,-99,
-36,-47,-59,-43,-18,6,23,-25,-127,-124,-125,
-125,-124,-124,-124,-124,-124,-124,-124,-124,-124,-124,
-124,-124,-124,-124,-124,-124,-124,-124,-125,-125,-125,
-125,-125,-125,-125,-125,-126,-126,-127,-127,-127,-127,
-127,-127,-122,-122,-122,-123,-125,-126,-126,-127,-126,
-127,-127,-127,-127,-127,-127,-126,-124,-71,-32,-59,
-18,-38,-14,21,33,-37,-102,-126,-125,-125,-124,
-124,-124,-124,-124,-124,-124,-124,-124,-124,-124,-124,
-124,-124,-124,-124,-124,-125,-125,-125,-125,-125,-125,
-125,-125,-125,-126,-126,-127,-127,-127,-127,-127,-127,
-121,-121,-121,-123,-125,-126,-125,-126,-126,-127,-127,
-127,-127,-127,-126,-115,-113,-19,-76,-63,-43,-32,
-26,6,20,-10,25,-125,-125,-125,-124,-124,-124,
-124,-124,-124,-124,-124,-124,-124,-124,-124,-124,-124,
-124,-124,-124,-124,-125,-125,-125,-125,-125,-125,-125,
-125,-125,-126,-127,-127,-127,-127,-127,-127,-121,-121,
-122,-123,-122,-127,-125,-126,-126,-127,-127,-127,-127,
-127,-126,-125,-100,-44,-61,-38,-33,-26,-17,19,
-8,33,-41,-111,-124,-125,-124,-124,-124,-124,-124,
-124,-124,-124,-124,-124,-124,-124,-124,-124,-124,-124,
-124,-124,-125,-125,-125,-125,-125,-125,-125,-125,-125,
-126,-127,-127,-127,-127,-127,-127,-121,-121,-121,-123,
-125,-125,-125,-127,-126,-126,-127,-127,-127,-127,-125,
-125,13,-16,-45,-1,-20,-19,-1,-7,10,3,
15,12,-125,-126,-124,-124,-124,-124,-124,-124,-124,
-124,-124,-124,-124,-124,-124,-124,-124,-124,-124,-125,
-125,-125,-125,-125,-125,-125,-125,-125,-125,-126,-126,
-126,-127,-127,-127,-127,-121,-121,-122,-123,-125,-125,
-125,-119,-126,-126,-126,-127,-127,-126,-122,-122,-3,
-26,-22,-39,16,59,2,4,19,29,-18,-7,
-122,-126,-124,-124,-124,-124,-124,-124,-124,-124,-124,
-124,-124,-124,-124,-124,-124,-124,-124,-124,-125,-125,
-125,-125,-125,-125,-125,-125,-125,-126,-126,-126,-127,
-127,-127,-127,-121,-121,-123,-124,-124,-124,-126,-127,
-83,-126,-126,-126,-125,-126,-118,-21,-4,-16,-10,
48,27,55,10,1,-25,-10,10,-17,-95,-125,
-123,-125,-125,-125,-124,-124,-124,-124,-124,-124,-124,
-124,-124,-124,-124,-124,-124,-124,-125,-125,-125,-125,
-125,-125,-125,-125,-125,-125,-127,-127,-125,-125,-127,
-127,-121,-122,-123,-124,-123,-124,-125,-126,-124,-26,
-128,-126,-125,-106,-76,6,31,8,18,21,29,
24,53,70,78,24,6,14,15,-126,-125,-123,
-125,-125,-124,-124,-124,-124,-124,-125,-125,-124,-124,
-124,-124,-124,-124,-124,-124,-125,-125,-125,-125,-125,
-125,-126,-124,-125,-124,-127,-122,-125,-127,-127,-121,
-121,-123,-123,-124,-125,-124,-125,-126,-127,-70,-125,
-125,-126,-124,27,4,6,-53,-31,38,45,-50,
-45,21,-24,18,-1,-13,-74,-125,-125,-121,-125,
-124,-124,-124,-125,-125,-125,-125,-125,-125,-124,-124,
-124,-124,-124,-125,-125,-125,-125,-125,-127,-126,-111,
-19,-3,6,27,-89,-105,-128,-127,-121,-121,-123,
-123,-123,-124,-124,-124,-126,-126,-126,-116,-127,-126,
-83,49,30,33,7,36,50,2,48,45,46,
30,22,11,15,-17,-116,-113,-118,-121,-124,-124,
-125,-125,-125,-125,-125,-125,-124,-125,-124,-124,-124,
-124,-124,-125,-125,-125,-118,-53,-26,-15,-42,-39,
-39,-46,-36,-85,-122,-127,-122,-122,-122,-122,-123,
-124,-124,-125,-124,-125,-125,-123,-118,-117,-123,38,
30,6,-11,28,3,56,36,49,20,18,29,
6,-1,14,-34,-88,-118,-121,-124,-124,-124,-124,
-125,-125,-125,-125,-125,-125,-124,-124,-124,-124,-123,
-123,-124,-111,-34,-45,-12,-19,7,-3,-17,-23,
-33,-55,-124,-126,-122,-122,-122,-122,-123,-123,-124,
-124,-124,-124,-124,-125,-126,-121,-98,18,44,6,
20,-17,-28,-6,24,-18,26,37,27,-3,-21,
-1,-31,-33,-97,-102,-110,-119,-123,-124,-126,-125,
-125,-125,-125,-120,-124,-124,-124,-123,-126,-121,-117,
-1,-11,-7,3,6,0,-2,22,4,-58,-19,
-127,-126,-122,-122,-123,-123,-123,-123,-123,-124,-124,
-125,-125,-125,-124,-122,-29,11,22,35,-11,3,
-5,-14,9,33,0,13,7,-20,-23,6,-58,
-47,-39,-51,-29,-27,-51,-61,-66,-73,-120,-122,
-118,-96,-127,-126,-122,-122,-121,-67,-24,-10,-4,
6,-10,0,-16,-23,-11,-56,-58,-21,-114,-124,
-122,-122,-123,-123,-114,-123,-125,-120,-126,-124,-124,
-123,-123,-103,-14,6,-1,0,-20,-62,-51,-81,
-29,-47,-17,11,-46,-18,-10,-16,-62,-53,-32,
-25,-26,-36,-48,-37,-42,-18,10,-24,-99,-112,
-112,-109,-58,-72,-34,-42,5,4,47,5,42,
22,3,21,-3,-34,-57,-21,-121,-125,-122,-122,
-122,-124,-123,-123,-121,-120,-124,-67,-79,-111,-110,
-102,18,28,-14,-14,19,-52,6,26,16,-27,
36,-12,-28,-38,-19,-44,-73,-59,-33,-14,-11,
-8,-28,-22,-36,-3,14,-7,-21,-65,-61,-57,
-36,-11,-11,-19,0,39,31,10,8,41,4,
-8,7,15,-44,-10,-122,-127,-122,-122,-123,-124,
-115,-92,-101,-108,-110,-104,-99,-77,-75,-47,-46,
15,9,-11,45,39,-35,-58,-7,14,-6,-13,
-18,-28,-39,-45,-68,-51,-12,-17,-28,-20,-27,
0,-26,-6,4,-28,-33,-54,-46,-65,15,-20,
-8,-3,3,13,22,6,18,63,41,30,-28,
-43,-57,5,-124,-127,-111,-102,-88,-86,-85,-85,
-42,-40,-51,-65,-53,-64,-54,-68,-66,-34,0,
-8,3,54,45,-10,-47,-23,20,-10,-4,-20,
-27,-39,-38,-19,2,-2,18,-35,-37,-35,-4,
-34,-43,-59,-48,-49,-66,11,7,-22,0,21,
27,12,30,29,-14,25,-25,21,-20,14,-8,
-4,-125,-126,-56,-40,-2,-5,-14,-7,-33,-18,
-10,-31,-48,-59,-75,-88,-79,-1,-31,-2,0,
4,47,38,1,-2,0,9,6,-4,-37,-36,
3,-13,-17,-11,12,-18,-49,-40,-1,-39,-25,
-28,-47,-64,-17,11,-5,-16,-7,8,38,60,
45,7,-23,-35,-19,6,-3,-55,-48,-100,-124,
-121,6,27,45,49,38,13,-10,-14,-42,-44,
-54,-26,-25,-54,-40,-6,-20,-20,3,9,-3,
13,-4,-12,-12,-14,15,-26,-34,-48,-33,-22,
-4,-18,-12,-27,-10,-54,-39,0,-26,-17,-38,
-55,-44,-12,-1,-10,-6,5,11,-9,10,39,
41,27,-6,11,2,32,-27,-123,-126,-128,47,
50,39,9,-16,-21,-46,-71,-52,-9,2,32,
25,7,-21,-19,-5,-19,-4,-10,-2,-10,-14,
-4,-14,47,-27,-26,-20,-43,-5,0,-35,-17,
-21,-13,-37,-39,-7,-41,-60,-17,-21,-27,-54,
3,2,-14,-8,-8,-14,0,6,-1,-40,6,
18,16,1,-9,25,-122,-127,-127,69,79,74,
76,43,-58,-78,-65,-48,-26,23,35,30,51,
-5,-11,-6,-7,13,13,-2,1,39,-8,4,
-14,-10,5,-13,-33,14,-8,-40,-6,-16,-12,
6,-75,-24,-14,-23,-18,-18,-20,-35,-8,2,
-10,-20,0,14,-2,25,25,-11,0,-6,-13,
-43,-9,-110,-125,-127,-127,70,79,81,78,69,
46,-22,-58,-36,-14,-4,-3,21,19,15,12,
13,26,42,-18,10,-7,3,30,-37,-6,13,
-39,-19,-17,-22,-29,22,12,-9,-21,-41,-29,
-33,-54,-32,16,-61,-19,-4,10,13,-10,25,
2,19,-1,2,14,41,16,-14,-35,-26,34,
-127,-126,-127,-127,70,65,66,62,62,38,-24,
-62,-41,-12,-10,-8,15,2,27,2,6,23,
32,-4,11,9,1,15,30,0,18,-33,-41,
-14,-36,-35,26,8,-4,-32,-4,-21,27,-34,
-35,-12,-54,-25,12,0,13,13,23,29,30,
-9,-3,18,40,37,19,-3,12,-24,-124,-127,
-127,-127,96,89,81,62,29,-11,-63,-42,-43,
-23,-20,-6,-13,1,11,19,26,8,28,5,
-12,30,10,20,42,19,82,-8,0,21,10,
13,24,19,22,-36,-47,29,36,-7,-24,20,
-6,-14,13,-11,3,-21,35,26,7,29,27,
-15,11,51,50,29,-3,-127,-127,-127,-128,-127,
85,70,59,51,20,-22,-48,-47,-50,-43,-26,
-39,-43,5,-4,1,26,-15,39,6,6,2,
1,27,23,31,52,13,48,24,25,-36,52,
-16,-25,-15,-16,6,11,-41,-16,-4,8,9,
10,10,27,5,20,43,45,38,16,25,5,
7,54,8,-7,-121,-127,-127,-128,-128,76,50,
33,17,2,-22,-36,-24,-44,-36,-37,-37,-21,
-11,5,0,22,43,43,29,-9,14,-3,44,
87,58,-8,-28,21,36,0,-34,29,20,9,
3,29,13,-18,10,21,-36,-26,-29,25,-3,
42,13,12,23,38,12,38,-4,-18,4,27,
3,-105,-128,-126,-128,-128,-128,75,53,37,16,
-6,-27,-60,-68,-60,-58,-50,-56,-26,-9,-11,
6,18,40,27,63,36,-6,-6,-1,47,33,
-15,-11,27,33,19,-16,38,34,-26,-28,39,
-8,0,41,35,-32,39,42,-21,24,38,20,
9,10,28,28,14,0,5,40,40,21,-115,
-126,-127,-127,-128,-128,65,45,36,31,18,-9,
-33,-61,-65,-45,-53,-58,-46,-51,-42,-36,-22,
24,34,39,21,41,37,-13,26,28,-34,-3,
36,22,-7,-38,9,16,-19,-14,7,47,32,
38,18,0,23,40,25,26,37,18,32,13,
20,16,39,20,22,24,21,-51,-124,-125,-127,
-127,-127,-127,41,38,23,8,-1,-3,-31,-47,
-43,-42,-51,-75,-86,-84,-66,-39,-24,-50,-61,
-31,-31,47,-5,49,16,25,-9,12,26,31,
40,23,43,24,7,-13,-54,28,62,31,-5,
12,42,45,32,32,38,13,31,32,35,24,
34,2,2,0,-8,-26,-106,-125,-126,-126,-126,
-126,44,41,26,20,25,-3,-11,-55,-48,-62,
-27,-69,-66,-52,-45,2,37,36,14,-69,-126,
-119,-114,-9,51,-32,-43,-5,12,11,33,44,
26,2,23,5,-32,50,62,43,-9,5,38,
64,30,49,41,24,27,32,47,28,4,-8,
-5,-5,1,-29,-112,-124,-126,-126,-126,-126,51,
36,19,15,11,7,10,-36,-77,-64,-42,-89,
-47,-41,-2,-10,31,71,71,1,-89,-106,-119,
-113,-84,8,-70,-7,0,5,8,40,70,-23,
21,7,-1,47,47,41,-35,18,48,57,46,
2,20,44,33,43,22,22,16,-5,12,9,
19,-44,-114,-125,-125,-126,-126,-126,49,38,30,
24,18,11,31,6,-50,-55,-31,-37,-48,-39,
4,-17,0,24,77,32,-43,-93,-99,-114,-95,
-100,-36,26,6,-38,55,61,53,-15,10,38,
26,9,46,-15,-33,31,45,28,23,32,39,
40,26,28,33,21,17,-2,5,17,23,34,
-86,-125,-126,-126,-126,-126,46,37,44,34,32,
8,19,16,-10,-12,-27,-21,-37,-44,-50,-26,
-13,16,65,43,20,-71,-46,-17,-108,-119,-22,
7,-2,-28,25,54,32,38,56,38,-2,34,
31,12,18,34,25,21,3,21,46,31,36,
28,40,-3,21,18,17,31,33,35,4,-118,
-127,-126,-126,-126,48,43,39,39,26,11,12,
-7,-16,-21,-21,-46,-40,-23,-69,-27,-41,-27,
18,67,58,-4,-64,-29,-79,-116,-47,32,-2,
-28,31,35,17,19,38,-5,9,34,38,27,
31,39,35,48,22,43,47,48,48,25,25,
33,28,26,24,33,43,39,21,-73,-114,-125,
-126,-126,50,54,51,53,39,12,4,-41,-60,
-46,-41,-70,-15,2,-42,-59,-80,-15,-26,56,
63,-26,-32,-16,-80,-108,-47,59,22,-5,18,
27,24,20,27,35,64,79,30,-11,-105,-93,
-74,-30,-6,41,48,66,31,63,52,51,42,
8,19,37,49,36,40,-13,-111,-125,-125,-126,
53,63,58,55,41,29,16,4,-3,-67,-38,
-79,-74,-17,-29,-25,-60,3,-42,-7,22,40,
9,12,-37,-66,-5,78,-35,-34,4,34,21,
14,25,49,88,56,-79,-108,-113,-47,-91,-104,
-111,-41,-34,-13,-29,21,45,38,32,17,19,
13,38,31,17,-5,-101,-125,-125,-125,63,59,
60,54,41,37,40,4,3,-29,-33,-45,-50,
-67,-23,-34,-10,-9,-25,-47,44,69,42,42,
15,-4,-28,74,-12,-6,14,29,10,26,21,
79,94,8,35,-14,-33,-32,-52,-53,-68,43,
55,20,23,-13,0,31,30,23,20,14,0,
-3,21,-76,-119,-127,-125,-125,61,60,30,14,
-11,13,-37,-40,25,46,-66,-56,-42,-44,-10,
-47,-29,-34,-52,-25,-23,25,62,26,-7,-3,
2,41,0,-1,10,3,24,27,37,94,62,
-15,0,-22,-29,-27,-31,-28,43,48,61,62,
39,41,11,13,11,28,34,23,22,10,8,
-73,-124,-115,-125,-125,44,52,-8,21,44,61,
55,51,44,7,-6,-59,-41,-33,-19,9,-29,
-38,-38,-19,4,16,34,-27,-35,12,-47,-26,
-11,18,31,11,22,11,66,75,63,0,-22,
5,-41,-52,8,-26,33,72,58,54,21,34,
19,-23,-5,26,33,28,10,8,-4,0,-98,
-119,-123,-125,68,82,97,58,50,33,40,56,
47,46,15,-39,-29,-51,-24,-8,15,-5,-42,
4,-49,7,12,-25,-19,-15,-53,-37,-24,12,
23,29,4,8,33,22,34,43,14,-66,-5,
-91,-2,47,45,45,-19,15,37,9,42,23,
-6,32,27,24,4,-8,0,5,-52,-109,-112,
-112,93,104,73,47,54,35,50,68,64,74,
66,-44,-50,-25,-24,-20,5,2,-19,-4,3,
0,3,-54,-52,-51,-61,-41,-3,11,27,24,
-3,-18,-27,-28,23,29,27,37,6,18,28,
9,3,-2,10,-2,33,34,54,38,-18,-16,
1,27,8,15,7,-15,-7,-85,-101,-102,98,
97,72,57,53,64,32,45,56,87,74,19,
-60,-48,-27,-5,-1,5,-16,26,-2,-21,-36,
-53,-41,-32,-68,-45,-31,-3,25,19,12,-3,
-3,-29,-5,38,41,51,35,11,-44,-12,-23,
-21,19,23,16,35,63,63,10,-11,-23,-6,
-7,-5,12,23,-16,-41,-93,-93,98,92,77,
72,80,68,45,49,64,74,77,68,-23,-72,
-38,-12,7,16,4,14,-21,-58,-27,-39,-35,
-58,-70,-41,-13,42,29,19,1,-18,0,15,
0,17,31,-32,-47,-21,-48,-23,0,-24,15,
53,41,61,58,24,-13,1,-18,-7,2,-21,
0,5,1,-3,-72,-88,98,62,87,82,73,
77,68,51,66,62,80,82,87,-50,-70,-25,
-1,28,19,15,-20,-20,25,-13,-39,-46,-71,
-54,-11,23,29,18,-18,-26,8,-14,4,51,
13,-50,-32,-25,0,31,4,12,32,68,29,
16,5,-4,-2,-2,23,35,27,37,30,8,
-26,-34,-47,-82,97,75,87,83,68,91,82,
81,79,60,85,87,93,28,24,59,-29,48,
26,9,-4,14,13,11,-33,-21,-68,-25,44,
38,13,-10,-23,-4,8,-11,21,15,64,-18,
-16,29,27,21,10,2,-3,21,-21,-27,-23,
-14,12,17,28,36,40,36,41,39,25,-50,
-59,-82,96,87,92,91,92,93,86,94,91,
82,89,90,88,95,35,-67,-42,18,65,72,
-2,-36,15,14,49,-23,-6,33,55,29,19,
-3,-27,6,6,-9,31,11,29,50,-2,18,
9,3,6,16,23,25,39,23,6,-7,2,
-7,-9,10,14,31,33,30,4,-22,-59,-71,
90,100,107,103,91,96,91,90,89,92,92,
90,88,90,97,36,-59,34,34,28,60,53,
-23,33,41,-79,-1,17,49,36,43,6,-21,
14,40,35,22,9,24,57,36,3,47,19,
1,3,26,36,23,-2,15,3,9,4,10,
4,17,15,12,20,12,-4,-79,-74,97,97,
100,101,96,93,85,84,83,86,92,94,94,
97,91,79,19,43,95,8,-26,18,59,51,
67,-71,-35,12,39,47,32,27,17,44,53,
45,40,26,23,27,60,28,24,26,27,37,
7,15,11,8,-16,1,13,12,12,16,24,
24,31,25,21,-39,-86,-76,88,90,91,89,
82,72,58,67,76,85,90,92,96,107,105,
63,68,-4,65,26,43,35,-10,10,66,-24,
-78,-8,1,17,-5,23,71,76,45,55,35,
27,15,41,62,40,53,35,20,11,5,11,
10,1,13,16,10,24,23,34,25,23,13,
19,23,-11,-68,-115,84,82,69,56,49,42,
57,73,84,89,94,91,91,97,103,99,82,
40,-38,44,36,14,26,35,41,68,-46,-50,
-51,11,67,89,102,91,51,63,56,55,92,
81,68,75,88,63,27,-9,29,31,31,38,
41,33,13,17,16,31,37,35,17,5,24,
9,-72,-99,65,61,48,39,42,47,66,80,
90,94,93,94,87,88,89,95,76,97,8,
63,57,34,17,18,36,16,49,-45,-34,48,
106,83,88,61,59,54,52,39,87,84,115,
55,30,94,3,0,15,80,60,67,57,47,
24,-39,-16,-9,35,29,24,-23,-3,8,-8,
-97,50,46,38,32,33,48,66,76,85,94,
96,94,92,85,79,88,96,111,34,-12,11,
37,34,30,28,20,40,-18,-7,23,40,67,
76,79,80,60,63,65,68,66,93,57,60,
25,82,75,-28,78,11,57,68,71,67,55,
-29,0,-1,31,26,-20,-61,-9,-25,-67,43,
38,38,26,18,52,74,80,84,85,84,87,
88,86,82,81,97,98,56,1,-4,34,47,
32,12,4,0,-20,-20,22,43,42,69,70,
57,58,52,78,69,46,75,60,36,29,65,
102,73,-5,9,47,81,79,84,67,-13,-13,
9,26,26,-5,-93,-98,-61,-50,21,18,29,
21,18,58,83,92,96,93,88,87,84,83,
82,79,89,92,89,21,29,12,47,49,44,
43,35,19,-4,-1,-1,17,29,50,45,48,
73,68,49,66,61,68,107,74,18,69,90,
18,-4,82,70,63,78,76,45,29,25,14,
31,16,-74,-108,-95,-81,-10,-7,8,8,21,
61,87,96,99,100,100,96,93,86,82,81,
89,100,91,57,9,5,27,53,52,68,64,
56,65,52,36,34,53,52,65,78,89,101,
105,104,90,41,94,104,6,71,87,87,-4,
34,63,83,85,81,49,12,9,22,36,33,
-25,-96,-124,-93,-31,-14,-1,-4,15,57,84,
95,100,103,105,104,100,91,86,84,87,99,
101,97,73,22,14,29,60,59,58,64,62,
60,59,68,73,69,71,87,108,113,104,94,
71,61,69,104,7,48,74,92,6,19,64,
75,71,67,37,-46,14,30,6,18,41,-37,
-70,-120,-28,2,17,12,25,63,80,90,98,
105,108,108,102,95,91,86,85,97,97,87,
96,81,60,5,14,37,47,61,61,64,67,
69,50,51,98,104,116,114,96,72,66,60,
42,92,1,58,55,82,4,52,70,73,56,
58,20,-55,10,28,7,2,0,-35,-112,-112,
-19,10,29,41,62,77,82,82,91,99,101,
102,99,94,91,86,80,90,98,100,90,96,
87,65,27,13,25,36,49,62,61,56,55,
81,103,100,115,105,104,76,81,23,40,83,
31,68,48,77,29,28,64,59,52,38,28,
-34,21,38,-10,-5,-10,-20,-68,-35,-16,-6,
20,50,75,82,79,77,80,89,91,91,91,
92,90,85,79,78,89,95,96,95,84,89,
74,46,42,39,66,77,66,78,94,80,108,
108,116,107,107,104,100,61,14,74,57,72,
59,60,50,41,57,39,53,2,14,2,13,
31,-10,-62,-53,-7,-68,-113,-17,-20,0,38,
69,79,72,67,73,82,85,85,89,93,91,
83,68,76,17,74,83,90,94,88,86,83,
74,71,94,93,97,90,108,93,114,117,116,
105,107,100,100,88,59,75,82,55,64,54,
42,46,47,31,-9,-1,13,34,25,-2,-33,
-44,-62,-28,-97,-107,-25,-26,-2,39,75,86,
69,44,53,69,82,90,94,99,95,83,54,
68,-2,26,15,63,77,85,75,83,83,84,
98,105,106,108,104,108,105,112,114,107,111,
106,105,100,93,76,80,54,63,41,50,48,
38,-31,17,5,-3,5,8,6,-33,-6,5,
-58,-110,-121,-25,-14,11,46,78,90,75,41,
31,45,62,80,92,96,91,76,52,48,35,
-25,-9,39,38,60,50,47,79,76,85,101,
91,104,107,107,105,103,109,105,107,105,103,
103,81,93,79,53,64,54,60,32,-15,16,
24,5,33,-41,-56,-41,14,-1,-40,-75,-93,
-103,-25,-12,13,45,68,80,77,60,49,48,
47,58,76,87,81,67,54,26,21,-28,-25,
25,25,11,35,14,32,32,82,77,70,82,
95,96,95,98,101,104,99,102,97,88,96,
92,86,89,81,76,76,72,44,9,10,13,
-17,-41,-24,2,-50,-70,-75,-77,-83,-82,-40,
-27,0,29,47,64,74,71,69,66,54,42,
55,65,63,47,48,51,40,10,-26,-1,17,
16,18,8,-18,0,19,31,17,46,26,79,
80,86,86,87,82,83,91,93,89,83,83,
77,71,66,60,48,32,13,11,4,1,-18,
-37,-18,-15,-25,-40,-54,-72,-77,-127,-127,-127,
-128,-124,-125,-125,-126,-127,-127,-127,-127,-127,-127,
-127,-127,-127,-112,-65,-73,-90,-78,-56,-32,-27,
-68,-121,-128,-128,-128,-128,-128,-128,-128,-128,-128,
-128,-128,-128,-128,-128,-128,-128,-128,-128,-128,-128,
-128,-128,-128,-128,-128,-128,-128,-128,-128,-128,-128,
-126,-126,-126,-126,-126,-126,-125,-125,-126,-127,-124,
-125,-125,-126,-126,-127,-127,-127,-127,-127,-127,-126,
-124,-97,-58,-85,-45,-70,-48,-16,-4,-101,-120,
-128,-128,-128,-128,-128,-128,-128,-128,-128,-128,-128,
-128,-128,-128,-128,-128,-128,-128,-128,-128,-128,-128,
-128,-128,-128,-128,-128,-128,-128,-128,-128,-126,-126,
-126,-126,-126,-126,-126,-126,-125,-127,-124,-125,-125,
-126,-126,-127,-127,-127,-127,-127,-127,-114,-122,-53,
-97,-88,-68,-61,-57,-30,-17,-52,-47,-117,-128,
-128,-128,-128,-128,-128,-128,-128,-128,-128,-128,-128,
-128,-128,-128,-128,-128,-128,-128,-128,-128,-128,-128,
-128,-128,-128,-128,-128,-128,-128,-126,-126,-126,-126,
-126,-126,-126,-126,-126,-127,-121,-126,-125,-126,-126,
-127,-127,-127,-127,-127,-127,-124,-123,-70,-84,-65,
-62,-55,-42,-10,-44,-6,-98,-126,-127,-128,-128,
-128,-128,-128,-128,-128,-128,-128,-128,-128,-128,-128,
-128,-128,-128,-128,-128,-128,-128,-128,-128,-128,-128,
-128,-128,-128,-128,-128,-126,-126,-126,-126,-126,-126,
-126,-126,-125,-127,-124,-124,-124,-126,-126,-126,-127,
-127,-127,-127,-127,-126,-27,-39,-66,-25,-48,-45,
-25,-37,-26,-37,-21,-46,-120,-128,-128,-128,-128,
-128,-128,-128,-128,-128,-128,-128,-128,-128,-128,-128,
-128,-128,-128,-128,-128,-128,-128,-128,-128,-128,-128,
-128,-128,-128,-128,-128,-126,-126,-126,-126,-126,-126,
-126,-127,-124,-124,-125,-118,-126,-126,-126,-127,-127,
-126,-127,-128,-38,-48,-44,-64,-11,33,-27,-27,
-13,-11,-62,-71,-128,-128,-128,-128,-128,-128,-128,
-128,-128,-128,-128,-128,-128,-128,-128,-128,-128,-128,
-128,-128,-128,-128,-128,-128,-128,-128,-128,-128,-128,
-128,-128,-128,-126,-126,-126,-126,-126,-126,-126,-127,
-128,-128,-125,-126,-83,-126,-126,-126,-126,-126,-121,
-49,-28,-37,-34,24,3,31,-19,-28,-61,-50,
-28,-75,-115,-128,-127,-128,-128,-128,-128,-128,-128,
-128,-128,-128,-128,-128,-128,-128,-128,-128,-128,-128,
-128,-128,-128,-128,-128,-128,-128,-128,-127,-128,-127,
-127,-126,-126,-126,-126,-126,-127,-126,-127,-127,-128,
-124,-125,-124,-26,-128,-126,-124,-106,-81,-25,7,
-13,-9,-2,2,-2,28,40,40,-16,-36,-37,
-55,-123,-128,-126,-128,-128,-128,-128,-128,-128,-128,
-128,-128,-128,-128,-128,-128,-128,-128,-128,-128,-128,
-128,-128,-128,-128,-128,-128,-126,-125,-128,-128,-121,
-124,-126,-126,-126,-126,-126,-126,-127,-128,-128,-128,
-125,-126,-70,-125,-125,-126,-124,-9,-12,-13,-75,
-53,15,17,-80,-78,-14,-59,-22,-52,-79,-105,
-127,-128,-124,-128,-128,-128,-128,-128,-128,-128,-128,
-128,-128,-128,-128,-128,-128,-128,-128,-128,-128,-128,
-125,-123,-121,-128,-58,-58,-50,-26,-117,-110,-127,
-127,-126,-126,-126,-126,-126,-127,-128,-128,-125,-125,
-126,-116,-127,-126,-93,15,13,10,-17,12,25,
-21,21,16,12,-10,-22,-33,-46,-81,-128,-125,
-121,-124,-128,-128,-128,-128,-128,-128,-128,-128,-128,
-128,-128,-128,-128,-128,-128,-128,-128,-128,-124,-91,
-86,-50,-76,-71,-61,-74,-84,-101,-121,-126,-127,
-127,-127,-127,-126,-127,-127,-128,-128,-128,-128,-127,
-118,-116,-128,12,19,-15,-43,-5,-29,27,3,
18,-19,-24,-12,-45,-61,-58,-99,-121,-124,-122,
-124,-125,-126,-126,-128,-128,-128,-128,-128,-128,-128,
-128,-128,-128,-128,-128,-124,-126,-83,-89,-50,-59,
-27,-33,-47,-53,-56,-88,-125,-126,-127,-127,-127,
-127,-126,-126,-127,-127,-128,-128,-128,-128,-125,-120,
-110,-13,20,-14,-9,-56,-66,-49,-18,-62,-22,
-14,-21,-63,-81,-73,-98,-90,-127,-119,-125,-127,
-127,-128,-128,-128,-128,-128,-128,-124,-128,-128,-128,
-127,-128,-124,-128,-53,-51,-43,-34,-32,-35,-32,
-4,-21,-75,-63,-127,-125,-127,-127,-127,-127,-127,
-127,-125,-126,-127,-128,-128,-128,-127,-124,-47,-24,
-11,6,-45,-36,-46,-60,-39,-13,-51,-38,-43,
-79,-92,-67,-119,-106,-103,-103,-102,-94,-105,-105,
-110,-111,-127,-117,-123,-104,-128,-127,-124,-122,-124,
-103,-77,-47,-43,-24,-39,-31,-42,-47,-35,-83,
-81,-53,-118,-124,-127,-127,-127,-127,-118,-125,-128,
-126,-128,-127,-127,-126,-128,-117,-43,-32,-40,-41,
-49,-85,-78,-112,-64,-93,-67,-39,-94,-76,-73,
-86,-122,-110,-103,-95,-90,-101,-104,-102,-114,-92,
-67,-87,-124,-124,-123,-128,-87,-110,-80,-95,-40,
-36,10,-24,11,-5,-23,-4,-30,-59,-80,-53,
-125,-125,-127,-127,-125,-125,-125,-122,-121,-126,-126,
-77,-86,-120,-127,-128,-29,-1,-45,-54,-26,-90,
-34,-16,-26,-77,-8,-63,-84,-101,-86,-108,-124,
-113,-104,-95,-96,-83,-94,-92,-102,-82,-68,-80,
-89,-118,-114,-114,-94,-70,-66,-62,-43,0,-6,
-20,-17,14,-23,-33,-20,-8,-65,-41,-121,-126,
-127,-127,-127,-127,-126,-123,-128,-128,-128,-128,-128,
-115,-107,-66,-91,-25,-22,-44,-9,-16,-89,-93,
-53,-50,-66,-68,-88,-95,-104,-107,-122,-117,-97,
-92,-108,-91,-97,-74,-98,-79,-69,-92,-100,-115,
-101,-118,-51,-77,-57,-41,-37,-25,-10,-25,-7,
36,15,7,-55,-66,-74,-28,-124,-126,-119,-112,
-111,-115,-121,-124,-88,-93,-101,-116,-105,-111,-104,
-114,-114,-81,-38,-38,-41,-7,-15,-71,-92,-77,
-45,-72,-79,-95,-99,-104,-108,-93,-81,-80,-69,
-110,-106,-108,-82,-99,-104,-106,-120,-111,-123,-52,
-54,-74,-51,-24,-15,-20,1,5,-36,1,-53,
0,-39,-10,-24,-34,-128,-128,-80,-68,-31,-50,
-76,-72,-93,-86,-79,-92,-106,-113,-121,-128,-124,
-57,-75,-41,-49,-59,-21,-30,-69,-65,-72,-61,
-66,-82,-105,-106,-72,-94,-95,-95,-73,-92,-119,
-113,-69,-114,-95,-81,-115,-119,-82,-59,-66,-69,
-60,-40,-6,20,12,-20,-47,-57,-39,-14,-24,
-69,-66,-118,-127,-125,-35,-19,3,19,-6,-47,
-77,-82,-102,-100,-104,-76,-82,-108,-99,-73,-64,
-73,-57,-52,-70,-63,-84,-89,-84,-86,-50,-110,
-102,-116,-105,-107,-87,-97,-96,-96,-76,-114,-101,
-85,-93,-87,-109,-117,-110,-77,-65,-63,-57,-37,
-30,-46,-26,5,11,8,-27,-10,-18,11,-60,
-125,-125,-127,11,9,-10,-49,-64,-66,-95,-120,
-105,-66,-58,-37,-52,-67,-93,-87,-70,-72,-71,
-78,-68,-74,-89,-89,-97,-24,-93,-109,-84,-103,
-86,-84,-105,-94,-101,-88,-107,-104,-82,-114,-116,
-88,-98,-101,-120,-69,-69,-64,-47,-51,-50,-33,
-23,-26,-61,-19,-6,-3,-19,-27,-3,-117,-126,
-126,42,56,54,53,3,-108,-124,-107,-99,-92,
-45,-38,-48,-26,-85,-90,-85,-78,-56,-57,-75,
-68,-25,-83,-78,-80,-87,-71,-89,-102,-70,-85,
-113,-89,-96,-95,-60,-125,-104,-84,-88,-92,-93,
-96,-110,-82,-65,-66,-77,-42,-26,-34,-10,0,
-34,-15,-25,-37,-60,-36,-122,-126,-126,-126,43,
56,60,54,44,6,-71,-110,-98,-92,-84,-88,
-65,-65,-69,-81,-73,-52,-36,-87,-64,-80,-69,
-39,-103,-81,-58,-102,-92,-90,-94,-99,-59,-75,
-84,-101,-113,-95,-112,-118,-101,-58,-122,-98,-87,
-59,-60,-71,-23,-34,-19,-43,-35,-18,9,-9,
-34,-49,-45,6,-127,-128,-126,-126,36,21,28,
22,12,-18,-72,-111,-104,-88,-92,-90,-66,-85,
-61,-86,-84,-64,-52,-84,-67,-70,-76,-46,-30,
-68,-57,-96,-105,-87,-102,-96,-54,-75,-90,-102,
-85,-86,-56,-108,-107,-92,-115,-105,-64,-74,-61,
-52,-30,-21,-23,-52,-46,-21,3,11,0,-21,
-10,-45,-124,-126,-126,-126,82,68,49,10,-44,
-80,-119,-97,-104,-98,-100,-86,-95,-86,-72,-63,
-61,-76,-56,-75,-86,-47,-70,-55,-22,-45,9,
-66,-79,-51,-66,-59,-52,-59,-62,-106,-106,-58,
-43,-85,-103,-61,-91,-97,-66,-88,-71,-87,-16,
-28,-50,-29,-24,-48,-23,17,20,6,-32,-128,
-126,-126,-127,-126,53,28,11,-2,-51,-93,-105,
-104,-112,-104,-97,-109,-115,-76,-90,-84,-59,-95,
-44,-76,-71,-75,-79,-43,-37,-33,-12,-50,-24,
-50,-57,-104,-30,-88,-103,-83,-89,-79,-73,-109,
-89,-80,-75,-75,-69,-65,-46,-68,-48,-20,-18,
-17,-32,-24,-41,-37,17,-14,-23,-125,-126,-126,
-127,-127,38,-9,-45,-67,-78,-90,-100,-88,-111,
-101,-105,-103,-85,-84,-77,-83,-59,-34,-30,-46,
-83,-60,-81,-26,26,-5,-84,-84,-51,-38,-89,
-101,-51,-53,-60,-65,-56,-70,-89,-67,-57,-116,
-107,-104,-56,-78,-34,-64,-64,-51,-36,-56,-21,
-50,-46,-35,-12,-22,-120,-124,-125,-127,-127,-127,
37,0,-29,-58,-86,-91,-116,-122,-117,-118,-112,
-118,-94,-81,-92,-79,-59,-35,-44,-6,-37,-80,
-77,-71,-14,-35,-88,-70,-43,-45,-70,-90,-44,
-47,-85,-108,-44,-88,-81,-36,-50,-114,-42,-30,
-103,-59,-44,-58,-73,-67,-46,-34,-38,-37,-28,
10,3,-20,-125,-124,-126,-126,-127,-127,14,-22,
-43,-52,-67,-91,-97,-110,-118,-100,-111,-119,-104,
-114,-102,-102,-93,-44,-41,-33,-54,-33,-36,-86,
-37,-43,-98,-67,-40,-51,-91,-105,-70,-50,-81,
-86,-69,-29,-46,-45,-68,-77,-51,-36,-58,-57,
-38,-52,-47,-60,-49,-42,-13,-26,-17,-22,-33,
-92,-127,-124,-126,-126,-126,-126,-41,-49,-62,-69,
-84,-81,-101,-105,-101,-97,-110,-124,-126,-121,-104,
-83,-82,-106,-109,-86,-95,-18,-72,-25,-49,-49,
-81,-55,-57,-47,-42,-58,-25,-29,-63,-93,-124,
-56,-14,-51,-88,-61,-35,-25,-41,-43,-36,-73,
-54,-44,-43,-42,-13,-52,-57,-69,-83,-83,-128,
-128,-128,-128,-128,-128,-31,-38,-57,-68,-62,-86,
-80,-113,-103,-119,-93,-118,-107,-95,-111,-71,-41,
-35,-52,-112,-128,-128,-128,-67,-15,-97,-101,-79,
-70,-65,-47,-28,-37,-65,-53,-70,-106,-36,-7,
-34,-84,-72,-31,0,-40,-24,-38,-58,-49,-43,
-18,-35,-66,-77,-82,-84,-77,-79,-125,-126,-128,
-128,-128,-128,-13,-48,-70,-77,-77,-72,-66,-99,
-127,-113,-92,-123,-101,-100,-67,-89,-48,2,10,
-53,-107,-125,-128,-127,-113,-55,-128,-77,-77,-69,
-71,-35,11,-98,-62,-75,-87,-32,-22,-36,-114,
-60,-13,-7,-26,-77,-56,-32,-41,-32,-54,-57,
-69,-89,-77,-73,-53,-92,-127,-128,-128,-128,-128,
-128,-28,-50,-59,-68,-71,-69,-46,-67,-109,-105,
-80,-91,-100,-104,-69,-88,-83,-47,15,-23,-92,
-127,-121,-124,-99,-120,-93,-36,-64,-107,-19,-8,
-18,-95,-67,-37,-59,-77,-33,-89,-103,-43,-22,
-50,-64,-54,-43,-42,-57,-54,-51,-67,-76,-94,
-82,-74,-61,-33,-112,-127,-128,-128,-128,-128,-40,
-49,-43,-56,-65,-78,-58,-58,-84,-71,-86,-83,
-93,-102,-116,-91,-82,-61,0,-25,-72,-127,-118,
-87,-122,-128,-73,-54,-62,-94,-45,-20,-39,-43,
-24,-45,-90,-52,-53,-65,-65,-43,-56,-71,-77,
-63,-34,-53,-48,-61,-49,-96,-74,-76,-74,-51,
-44,-36,-46,-126,-128,-127,-128,-128,-35,-40,-48,
-52,-69,-86,-70,-79,-81,-95,-89,-105,-100,-86,
-119,-82,-108,-105,-53,-9,0,-91,-120,-101,-120,
-125,-86,-19,-52,-96,-40,-36,-65,-61,-45,-91,
-69,-33,-35,-50,-44,-37,-34,-25,-56,-35,-33,
-36,-37,-64,-60,-55,-66,-68,-67,-49,-35,-33,
-45,-100,-119,-127,-128,-128,-28,-30,-31,-31,-50,
-86,-84,-120,-115,-99,-100,-121,-76,-72,-100,-110,
-127,-80,-88,-8,-13,-96,-113,-117,-125,-113,-99,
25,-38,-65,-59,-50,-61,-59,-48,-48,7,22,
-40,-62,-119,-108,-113,-93,-82,-36,-23,-10,-52,
-20,-28,-30,-45,-82,-74,-46,-34,-38,-32,-53,
-123,-126,-128,-128,-25,-20,-26,-31,-49,-59,-71,
-84,-83,-114,-94,-126,-119,-84,-100,-87,-114,-57,
-113,-81,-43,-43,-34,-28,-48,-88,-67,44,-95,
-98,-78,-47,-63,-64,-55,-23,51,-3,-114,-117,
-124,-50,-119,-114,-118,-84,-109,-92,-110,-59,-39,
-47,-51,-69,-68,-77,-47,-46,-53,-57,-113,-126,
-128,-128,-15,-24,-21,-38,-49,-55,-52,-82,-88,
-98,-89,-106,-107,-117,-87,-97,-68,-75,-87,-115,
-28,-9,-34,-40,-68,-41,-93,23,-80,-79,-67,
-54,-77,-56,-70,33,61,-43,-65,-115,-109,-99,
-103,-107,-92,-36,-29,-57,-54,-99,-81,-53,-54,
-64,-66,-72,-84,-83,-58,-118,-127,-127,-128,-128,
-14,-26,-60,-67,-88,-76,-120,-119,-58,-40,-126,
-115,-112,-112,-77,-116,-99,-84,-115,-90,-93,-49,
-14,-56,-72,-72,-68,-23,-66,-72,-73,-85,-63,
-54,-40,64,40,-22,-116,-116,-117,-115,-121,-104,
-3,-12,-3,-8,-41,-37,-72,-69,-77,-56,-52,
-63,-64,-71,-84,-116,-128,-114,-128,-128,-39,-34,
-84,-58,-44,-18,-25,-26,-31,-71,-82,-118,-107,
-108,-98,-65,-102,-109,-108,-86,-57,-57,-46,-107,
-105,-48,-111,-94,-80,-57,-51,-75,-66,-78,-4,
19,7,-25,-95,-121,-127,-124,-117,-36,-39,8,
-14,-25,-61,-42,-62,-102,-91,-61,-52,-56,-77,
-80,-90,-65,-120,-127,-126,-128,5,33,56,-23,
-34,-50,-43,-24,-25,-22,-65,-105,-98,-120,-97,
-88,-60,-80,-108,-71,-117,-72,-72,-96,-82,-80,
-114,-99,-94,-69,-58,-56,-87,-83,-51,-52,-26,
-9,-50,-112,-87,-116,-57,-23,-22,-19,-97,-75,
-52,-75,-42,-58,-88,-50,-57,-60,-84,-88,-84,
-77,-104,-128,-127,-127,58,78,23,-43,-32,-49,
-34,-10,-11,12,3,-105,-109,-95,-97,-93,-74,
-81,-91,-76,-77,-78,-76,-114,-113,-116,-122,-106,
-76,-72,-52,-59,-93,-103,-111,-106,-50,-46,-62,
-44,-69,-59,-56,-71,-71,-81,-69,-86,-50,-47,
-20,-34,-94,-89,-86,-58,-81,-66,-72,-96,-79,
-122,-125,-126,72,62,18,-17,-15,-23,-61,-32,
-19,24,4,-58,-118,-106,-96,-84,-77,-73,-99,
-52,-82,-103,-111,-115,-92,-98,-123,-106,-102,-85,
-62,-72,-77,-88,-83,-101,-89,-41,-35,-27,-55,
-77,-119,-94,-105,-100,-61,-61,-68,-38,-7,-5,
-63,-82,-99,-91,-94,-95,-78,-61,-90,-98,-128,
-128,64,52,27,8,21,-11,-39,-32,-14,0,
12,17,-72,-110,-107,-87,-62,-58,-76,-59,-91,
-123,-97,-104,-98,-117,-121,-104,-83,-30,-54,-68,
-96,-103,-85,-65,-86,-69,-58,-112,-123,-97,-119,
-102,-85,-107,-68,-23,-29,-5,-10,-47,-85,-68,
-94,-92,-91,-100,-87,-79,-75,-71,-119,-127,68,
16,44,37,24,19,-7,-27,-4,-13,10,25,
33,-100,-102,-70,-68,-49,-61,-59,-89,-95,-56,
-89,-106,-101,-118,-113,-81,-49,-53,-67,-104,-104,
-79,-93,-80,-37,-70,-126,-102,-96,-82,-56,-81,
-70,-53,-10,-48,-66,-72,-86,-85,-85,-67,-49,
-55,-41,-48,-77,-94,-93,-100,-126,65,36,48,
40,18,51,32,26,13,-16,15,30,44,-19,
-5,33,-64,2,-39,-81,-78,-65,-66,-62,-106,
-95,-116,-88,-13,-37,-67,-87,-94,-90,-80,-97,
-64,-69,-16,-90,-90,-59,-58,-62,-72,-82,-87,
-46,-87,-95,-99,-95,-74,-71,-62,-47,-40,-41,
-37,-36,-45,-103,-109,-128,62,54,60,57,55,
57,41,49,34,12,20,23,41,57,-15,-109,
-94,-48,-12,12,-69,-103,-57,-54,-19,-87,-64,
-31,6,-33,-56,-75,-99,-78,-80,-95,-60,-76,
-56,-30,-84,-66,-72,-74,-73,-53,-46,-51,-38,
-58,-73,-88,-84,-92,-99,-82,-76,-57,-53,-53,
-74,-84,-110,-117,61,74,84,69,56,51,48,
43,27,24,28,32,33,40,59,-19,-121,-8,
-42,-41,2,-16,-97,-35,-13,-115,-52,-37,5,
-19,-18,-66,-97,-74,-50,-54,-68,-81,-65,-30,
-46,-81,-31,-55,-72,-75,-52,-42,-53,-82,-65,
-79,-80,-85,-87,-93,-82,-80,-79,-69,-67,-73,
-127,-114,68,71,71,72,65,52,42,37,31,
40,44,41,49,62,42,28,-42,7,43,-46,
-90,-40,2,0,25,-113,-76,-28,17,18,-10,
-28,-54,-29,-26,-34,-43,-65,-57,-52,-17,-39,
-49,-42,-45,-37,-73,-64,-73,-68,-99,-86,-75,
-77,-82,-79,-70,-67,-56,-59,-56,-94,-125,-111,
55,57,57,55,45,35,22,33,45,58,60,
53,58,79,76,14,16,-49,22,-46,-12,-28,
-76,-49,21,-71,-106,-38,-29,-24,-57,-34,6,
19,-33,-29,-47,-59,-75,-36,-2,-22,0,-26,
-49,-65,-74,-60,-72,-82,-73,-70,-79,-65,-68,
-57,-64,-65,-77,-67,-54,-67,-106,-127,49,47,
32,19,12,5,28,47,57,66,69,69,62,
67,78,61,32,-13,-92,-9,-36,-57,-43,-29,
-13,21,-87,-78,-85,-23,28,44,67,47,-24,
-13,-20,-11,38,29,27,35,40,8,-29,-72,
-33,-48,-48,-41,-38,-46,-67,-63,-71,-56,-49,
-52,-68,-78,-54,-60,-115,-119,26,22,13,4,
7,11,36,54,63,70,69,70,61,58,56,
56,33,51,-36,12,1,-30,-52,-45,-20,-37,
-5,-82,-72,4,70,46,43,3,-9,-20,-23,
-31,23,42,73,-2,-28,39,-67,-62,-76,21,
-9,-2,-9,-28,-54,-110,-98,-95,-50,-55,-54,
-90,-75,-62,-62,-125,16,12,3,-2,-1,11,
31,46,58,70,72,70,70,59,49,55,65,
77,-8,-66,-49,-25,-22,-31,-27,-32,-3,-60,
-54,-35,-6,19,30,32,30,0,3,11,23,
27,53,20,27,-32,28,18,-86,34,-57,1,
10,15,3,-11,-103,-86,-90,-47,-58,-84,-107,
-71,-89,-104,8,3,7,-4,-13,21,43,49,
50,57,58,61,61,59,52,47,64,65,7,
-57,-67,-23,-10,-20,-42,-41,-44,-65,-59,-31,
-6,-9,16,21,0,-3,-1,29,24,-8,24,
4,-26,-36,19,61,34,-69,-66,-34,24,32,
38,17,-74,-97,-79,-60,-53,-69,-127,-126,-109,
-92,-16,-19,-1,-9,-15,25,55,64,66,68,
58,57,55,54,52,45,56,59,52,-36,-33,
-46,-9,-7,-9,0,-9,-26,-52,-47,-53,-36,
-26,-3,-13,-6,30,23,-5,12,6,17,86,
33,-43,13,42,-40,-66,15,9,2,11,16,
-6,-35,-49,-65,-48,-57,-120,-124,-114,-114,-51,
-48,-29,-24,-11,31,62,76,78,79,78,71,
64,53,53,52,58,73,59,8,-56,-58,-32,
-1,2,22,18,14,25,8,-13,-21,1,1,
14,26,50,70,75,85,58,-2,64,74,-68,
23,43,32,-89,-47,-7,26,36,21,-10,-54,
-73,-53,-29,-35,-77,-117,-127,-109,-72,-55,-38,
-36,-10,33,59,75,79,82,85,82,71,58,
57,55,59,77,79,60,31,-37,-49,-29,5,
9,3,14,12,14,8,23,28,24,21,48,
84,97,83,65,30,17,23,81,-65,-6,19,
48,-64,-65,0,13,8,5,-27,-109,-59,-44,
-68,-47,-19,-76,-88,-127,-65,-35,-19,-18,1,
37,58,66,75,86,88,88,75,66,61,60,
56,70,74,59,68,47,11,-58,-46,-20,-6,
7,11,16,18,20,0,5,61,79,95,100,
76,35,14,16,-10,64,-70,7,-7,31,-57,
-23,5,7,-16,-2,-50,-114,-61,-41,-57,-59,
-64,-80,-122,-122,-52,-24,0,15,36,56,59,
58,64,75,79,80,72,65,61,60,54,55,
65,73,57,63,54,20,-36,-51,-36,-25,-6,
9,7,2,2,39,76,71,95,79,83,41,
39,-31,-23,44,-37,20,-20,19,-45,-48,2,
-2,-17,-31,-41,-103,-50,-31,-66,-43,-60,-69,
-100,-51,-52,-40,-9,23,51,58,55,49,50,
59,64,64,61,62,61,56,50,31,43,65,
64,61,52,56,35,-5,-19,-22,12,34,24,
36,61,48,79,84,97,80,84,81,71,8,
-55,35,0,19,-6,0,-29,-33,-5,-31,-13,
-74,-66,-70,-54,-37,-80,-98,-98,-60,-99,-122,
-53,-54,-29,11,45,55,44,36,44,53,55,
55,63,67,67,59,32,23,-47,23,40,55,
59,54,49,49,29,26,58,60,67,60,91,
66,89,96,103,83,88,81,72,54,3,30,
36,-7,2,-11,-25,-15,-18,-32,-70,-74,-58,
-29,-37,-65,-95,-91,-111,-74,-123,-119,-60,-59,
-31,10,54,65,41,10,19,35,54,66,67,
75,71,52,6,0,-75,-47,-52,14,34,45,
34,42,43,49,73,83,80,91,80,90,88,
95,101,85,91,81,79,75,56,30,27,-12,
0,-21,-12,-10,-18,-82,-38,-64,-77,-58,-60,
-60,-95,-62,-47,-103,-128,-123,-60,-47,-18,17,
57,69,47,7,-4,9,32,52,65,72,72,
43,4,-31,-46,-94,-89,-24,-17,10,-7,-10,
33,34,52,73,55,83,89,83,84,83,87,
84,89,82,78,70,36,52,30,-2,9,0,
8,-14,-60,-41,-39,-61,-35,-101,-109,-104,-57,
-62,-94,-121,-127,-127,-58,-47,-19,19,47,59,
54,28,14,10,10,23,47,61,58,25,-8,
-59,-65,-102,-103,-56,-51,-64,-45,-54,-33,-26,
35,37,23,44,61,67,71,74,75,78,74,
77,70,58,61,57,45,51,39,32,34,27,
-6,-52,-59,-60,-88,-101,-83,-66,-116,-127,-127,
-127,-125,-125,-76,-64,-35,1,22,39,45,45,
38,32,16,6,19,32,33,1,-19,-33,-51,
-88,-107,-92,-69,-81,-74,-85,-103,-76,-57,-38,
-44,-17,-26,38,46,51,51,52,42,44,53,
59,56,50,49,34,22,16,6,-9,-37,-59,
-68,-79,-85,-93,-111,-93,-92,-92,-101,-112,-127,
-122,